time_1: 0.0321269
time_10: 0.062902
time_100: 0.2159131
time_1000: 3.198626
time_10000: 55.010443
