time_1: 0.0255421
time_10: 0.0383718
time_100: 0.0791169
time_1000: 0.9302061
time_10000: 11.5346813
