time_1: 11.657999992370605
time_10: 11.726999998092651
time_100: 11.95799994468689
time_1000: 12.660000085830688
time_10000: 23.80999994277954
