time_1: 0.35910630226135254
time_10: 0.41927337646484375
time_100: 0.5934126377105713
time_1000: 3.6652731895446777
time_10000: 38.49103498458862
