time_1: 0.36324596405029297
time_10: 0.30443501472473145
time_100: 0.386624813079834
time_1000: 1.8636939525604248
time_10000: 18.052788257598877
